 1)  1)  1)  1)  1)  1)  1)  1) //: C03:IOcopy.cpp
 2)  2)  2)  2)  2)  2)  2)  2) // fstreams for opening files.
 3)  3)  3)  3)  3)  3)  3)  3) // Copies itself to TMP.TXT
 4)  4)  4)  4)  4)  4)  4)  4) 
 5)  5)  5)  5)  5)  5)  5)  5) #include <fstream>
 6)  6)  6)  6)  6)  6)  6)  6) #include "require.h"
 7)  7)  7)  7)  7)  7)  7)  7) 
 8)  8)  8)  8)  8)  8)  8)  8) using namespace std;
 9)  9)  9)  9)  9)  9)  9)  9) 
10) 10) 10) 10) 10) 10) 10) 10) int main() {
11) 11) 11) 11) 11) 11) 11) 11)     ifstream infile(__FILE__);
12) 12) 12) 12) 12) 12) 12) 12)     assure(infile, __FILE__);
13) 13) 13) 13) 13) 13) 13) 13) 
14) 14) 14) 14) 14) 14) 14) 14)     ofstream outfile("tmp.txt");
15) 15) 15) 15) 15) 15) 15) 15)     assure(outfile, "tmp.txt");
16) 16) 16) 16) 16) 16) 16) 16) 
17) 17) 17) 17) 17) 17) 17) 17)     char ch;
18) 18) 18) 18) 18) 18) 18) 18) 
19) 19) 19) 19) 19) 19) 19) 19)     while (infile.get(ch) != '\0') {
20) 20) 20) 20) 20) 20) 20) 20)         outfile.put(ch);
21) 21) 21) 21) 21) 21) 21) 21)     }
22) 22) 22) 22) 22) 22) 22) 22) 
23) 23) 23) 23) 23) 23) 23) 23)     return 0;
24) 24) 24) 24) 24) 24) 24) 24) } ///:~
